==========================================================
== Error-oriented ========================================
==========================================================
# FP16 layers | FP16 layers 
11	          | 52,55,58,61,68,71,74,80,85,86,97
22	          | 27,30,33,36,40,43,46,49,52,55,58,61,65,68,71,74,80,81,85,86,97,98
32	          | 4,8,11,15,18,21,24,27,30,33,36,38,40,43,46,49,52,55,58,61,65,68,71,74,80,81,85,86,92,96,97,98
42	          | 4,8,11,15,18,21,24,27,28,30,33,36,38,39,40,43,46,49,51,52,54,55,56,57,58,60,61,65,68,71,74,78,80,81,85,86,92,96,97,98,101,103
53	          | 4,8,11,15,18,21,24,25,27,28,30,31,33,36,38,39,40,42,43,45,46,48,49,50,51,52,54,55,56,57,58,60,61,65,68,70,71,74,76,78,79,80,81,83,84,85,86,92,96,97,98,101,103
63	          | 4,6,8,11,13,15,18,21,24,25,27,28,30,31,33,36,38,39,40,41,42,43,45,46,47,48,49,50,51,52,54,55,56,57,58,59,60,61,64,65,67,68,69,70,71,74,76,77,78,79,80,81,83,84,85,86,90,92,96,97,98,101,103
74	          | 4,6,8,11,13,15,18,21,24,25,27,28,30,31,33,34,36,38,39,40,41,42,43,44,45,46,47,48,49,50,51,52,53,54,55,56,57,58,59,60,61,63,64,65,67,68,69,70,71,74,75,76,77,78,79,80,81,83,84,85,86,88,89,90,91,92,93,95,96,97,98,99,101,103
84	          | 2,4,6,8,11,13,15,18,19,21,22,24,25,27,28,30,31,33,34,36,38,39,40,41,42,43,44,45,46,47,48,49,50,51,52,53,54,55,56,57,58,59,60,61,62,63,64,65,66,67,68,69,70,71,72,73,74,75,76,77,78,79,80,81,83,84,85,86,87,88,89,90,91,92,93,95,96,97,98,99,100,101,102,103
94	          | 2,4,6,8,9,11,13,14,15,16,18,19,20,21,22,23,24,25,26,27,28,29,30,31,32,33,34,35,36,37,38,39,40,41,42,43,44,45,46,47,48,49,50,51,52,53,54,55,56,57,58,59,60,61,62,63,64,65,66,67,68,69,70,71,72,73,74,75,76,77,78,79,80,81,83,84,85,86,87,88,89,90,91,92,93,95,96,97,98,99,100,101,102,103
104	          | 0,1,2,3,4,5,6,7,8,9,10,11,13,14,15,16,17,18,19,20,21,22,23,24,25,26,27,28,29,30,31,32,33,34,35,36,37,38,39,40,41,42,43,44,45,46,47,48,49,50,51,52,53,54,55,56,57,58,59,60,61,62,63,64,65,66,67,68,69,70,71,72,73,74,75,76,77,78,79,80,81,82,83,84,85,86,87,88,89,90,91,92,93,95,96,97,98,99,100,101,102,103,104,105

==========================================================
== Performance-oriented ==================================
==========================================================
# FP16 layers | FP16 layers
10	          | 0,1,5,7,10,12,23,29,35,106
20	          | 0,1,3,5,7,10,12,14,17,20,23,26,29,32,35,62,100,102,104,106
30	          | 0,1,3,5,6,7,9,10,12,14,17,20,23,26,29,32,35,37,51,62,64,70,73,76,78,80,100,102,104,106
40	          | 0,1,3,5,6,7,9,10,12,14,17,20,23,26,29,32,35,37,39,42,45,48,51,54,57,60,62,64,70,73,76,78,80,88,90,92,100,102,104,106
50	          | 0,1,2,3,4,5,6,7,8,9,10,11,12,13,14,17,20,23,26,29,32,35,37,39,42,45,48,51,54,57,60,62,64,67,70,73,76,78,80,82,88,90,92,94,99,100,102,104,105,106
61	          | 0,1,2,3,4,5,6,7,8,9,10,11,12,13,14,15,16,17,19,20,22,23,24,25,26,28,29,32,35,36,37,39,42,45,48,51,54,57,60,62,64,67,70,73,76,78,80,82,88,90,92,94,98,99,100,101,102,103,104,105,106
71	          | 0,1,2,3,4,5,6,7,8,9,10,11,12,13,14,15,16,17,18,19,20,21,22,23,24,25,26,27,28,29,30,31,32,33,34,35,36,37,39,40,42,43,45,46,48,51,54,57,60,62,64,67,70,73,76,78,80,82,88,90,92,94,98,99,100,101,102,103,104,105,106
82	          | 0,1,2,3,4,5,6,7,8,9,10,11,12,13,14,15,16,17,18,19,20,21,22,23,24,25,26,27,28,29,30,31,32,33,34,35,36,37,38,39,40,42,43,45,46,48,49,51,52,54,55,56,57,58,60,61,62,64,67,68,70,73,76,78,80,82,86,87,88,90,92,94,97,98,99,100,101,102,103,104,105,106
92	          | 0,1,2,3,4,5,6,7,8,9,10,11,12,13,14,15,16,17,18,19,20,21,22,23,24,25,26,27,28,29,30,31,32,33,34,35,36,37,38,39,40,41,42,43,45,46,48,49,50,51,52,54,55,56,57,58,60,61,62,63,64,65,66,67,68,69,70,71,73,74,75,76,78,80,82,86,87,88,89,90,92,94,97,98,99,100,101,102,103,104,105,106
104	          | 0,1,2,3,4,5,6,7,8,9,10,11,12,13,14,15,16,17,18,19,20,21,22,23,24,25,26,27,28,29,30,31,32,33,34,35,36,37,38,39,40,41,42,43,44,45,46,47,48,49,50,51,52,53,54,55,56,57,58,59,60,61,62,63,64,65,66,67,68,69,70,71,72,73,74,75,76,77,78,79,80,82,83,85,86,87,88,89,90,91,92,93,94,95,97,98,99,100,101,102,103,104,105,106

==========================================================
== Cost-benefit-oriented =================================
==========================================================
# FP16 layers | FP16 layers
10	          | 5,7,10,14,23,26,80,92,100,102
20	          | 5,7,10,14,20,23,26,29,32,35,39,51,57,60,76,78,80,92,100,102
30	          | 0,5,6,7,10,14,20,23,26,29,32,35,39,42,45,48,51,54,57,60,64,67,70,76,78,80,90,92,100,102
40	          | 0,2,3,4,5,6,7,9,10,11,14,20,23,26,29,32,35,36,39,42,45,48,51,54,57,60,62,64,67,70,73,76,78,80,88,90,92,100,102,104
50	          | 0,2,3,4,5,6,7,8,9,10,11,14,18,20,21,23,24,26,27,29,30,32,33,35,36,39,42,45,48,51,54,55,57,58,60,61,62,64,67,70,73,76,78,80,88,90,92,100,102,104
62	          | 0,2,3,4,5,6,7,8,9,10,11,14,15,18,20,21,23,24,26,27,29,30,32,33,35,36,39,40,42,43,45,46,48,49,51,52,54,55,57,58,60,61,62,64,67,68,70,73,74,76,78,80,85,86,88,90,92,97,98,100,102,104
72	          | 0,2,3,4,5,6,7,8,9,10,11,14,15,17,18,20,21,23,24,25,26,27,28,29,30,32,33,35,36,37,38,39,40,42,43,45,46,48,49,51,52,54,55,57,58,60,61,62,64,65,67,68,70,71,73,74,76,78,80,81,85,86,88,90,92,97,98,100,101,102,103,104
83	          | 0,2,3,4,5,6,7,8,9,10,11,13,14,15,17,18,19,20,21,22,23,24,25,26,27,28,29,30,31,32,33,34,35,36,37,38,39,40,42,43,45,46,48,49,50,51,52,54,55,56,57,58,60,61,62,64,65,67,68,70,71,73,74,76,78,79,80,81,83,85,86,88,90,92,96,97,98,99,100,101,102,103,104
94	          | 0,2,3,4,5,6,7,8,9,10,11,13,14,15,17,18,19,20,21,22,23,24,25,26,27,28,29,30,31,32,33,34,35,36,37,38,39,40,41,42,43,45,46,47,48,49,50,51,52,53,54,55,56,57,58,59,60,61,62,63,64,65,67,68,69,70,71,73,74,75,76,77,78,79,80,81,83,84,85,86,88,90,91,92,95,96,97,98,99,100,101,102,103,104
104	          | 0,1,2,3,4,5,6,7,8,9,10,11,13,14,15,16,17,18,19,20,21,22,23,24,25,26,27,28,29,30,31,32,33,34,35,36,37,38,39,40,41,42,43,44,45,46,47,48,49,50,51,52,53,54,55,56,57,58,59,60,61,62,63,64,65,66,67,68,69,70,71,72,73,74,75,76,77,78,79,80,81,82,83,84,85,86,87,88,89,90,91,92,93,95,96,97,98,99,100,101,102,103,104,105
